-1.302513837814331055e+00 1.785983920097351074e+00
1.052739396691322327e-01 1.089254021644592285e+00
-1.004829287528991699e+00 -4.317183494567871094e-01
-3.377059847116470337e-02 8.188092112541198730e-01
-4.914647042751312256e-01 -6.113136410713195801e-01
-2.697781622409820557e-01 1.637314200401306152e+00
-1.387410461902618408e-01 7.230799794197082520e-01
-5.382211804389953613e-01 -2.197556495666503906e-01
-9.522935152053833008e-01 1.425173282623291016e+00
-4.205016046762466431e-02 -5.552527904510498047e-01
